app_vars                                       <struct>                               
    num_compare                                0x0000                                 
    sampling_now                               false                                  
    axes                                       ""                                     
    axis_x                                     0x00000000                             
    axis_y                                     0x00000000                             
    axis_z                                     0x00000000                             
    who_am_i                                   0x00                                   
    temp                                       0x0000                                 
    temp_f                                     0x00000000                             
    uart_lastTxByteIndex                       0x00                                   
    uartDone                                   0x00                                   
    uartSendNow                                0x01                                   
    uartToSend                                 ""                                     
app_dbg                                        app_dbg symbol not found               
A_X                                            0                                      
A_Y                                            0                                      
B_X                                            0                                      
B_Y                                            0                                      
t_opt_pulse                                    66381                                  
Config_result                                  102                                    
Current_state                                  0x66                                   
loca_x                                         0x00                                   
t_0_end                                        413027217                              
t_0_start                                      413027293                              
t_opt_pulse_us                                 4148                                   
flag_A_station                                 0x00                                   
(t_opt_pulse_us / 10) % 2                      0x00000000                             
loca_duration                                  0                                      
flag                                           51                                     
ts_nrf_gpio_read_input(TS4231_N1_D_PIN)        NRF_GPIO_PIN_MAP symbol not found      
t_d_start                                      0                                      
flag_config_ts4231                             flag_config_ts4231 symbol not found    
flag_station                                   0x00                                   
data                                           <array>                                
    [0]                                        16682                                  
    [1]                                        4126                                   
    [2]                                        4215                                   
    [3]                                        4188                                   
    [4]                                        12481                                  
    [5]                                        8338                                   
    [6]                                        8331                                   
    [7]                                        8339                                   
    [8]                                        4126                                   
    [9]                                        4211                                   
    [10]                                       4187                                   
    [11]                                       4135                                   
    [12]                                       4124                                   
    [13]                                       4213                                   
    [14]                                       4188                                   
    [15]                                       4138                                   
    [16]                                       8336                                   
    [17]                                       8337                                   
    [18]                                       4123                                   
    [19]                                       8406                                   
    [20]                                       4135                                   
    [21]                                       4123                                   
    [22]                                       4211                                   
    [23]                                       4187                                   
    [24]                                       12479                                  
    [25]                                       8341                                   
    [26]                                       12532                                  
    [27]                                       4135                                   
    [28]                                       4123                                   
    [29]                                       4210                                   
    [30]                                       8335                                   
    [31]                                       4123                                   
    [32]                                       4208                                   
    [33]                                       4196                                   
    [34]                                       4136                                   
    [35]                                       16679                                  
    [36]                                       4124                                   
    [37]                                       4207                                   
    [38]                                       8341                                   
    [39]                                       8328                                   
    [40]                                       8340                                   
    [41]                                       8332                                   
    [42]                                       4189                                   
    [43]                                       4140                                   
    [44]                                       4127                                   
    [45]                                       12552                                  
    [46]                                       8332                                   
    [47]                                       4191                                   
    [48]                                       4138                                   
    [49]                                       4128                                   
    [50]                                       4205                                   
    [51]                                       16686                                  
    [52]                                       4192                                   
    [53]                                       4139                                   
    [54]                                       8335                                   
    [55]                                       4192                                   
    [56]                                       4139                                   
    [57]                                       4127                                   
    [58]                                       4216                                   
    [59]                                       8334                                   
    [60]                                       8335                                   
    [61]                                       4193                                   
    [62]                                       4138                                   
    [63]                                       4127                                   
    [64]                                       4218                                   
    [65]                                       8334                                   
    [66]                                       8338                                   
    [67]                                       4192                                   
    [68]                                       4139                                   
    [69]                                       4125                                   
    [70]                                       12551                                  
    [71]                                       8331                                   
    [72]                                       4190                                   
    [73]                                       4139                                   
    [74]                                       4128                                   
    [75]                                       4214                                   
    [76]                                       8329                                   
    [77]                                       8329                                   
    [78]                                       8343                                   
    [79]                                       8332                                   
    [80]                                       4191                                   
    [81]                                       4139                                   
    [82]                                       8346                                   
    [83]                                       8331                                   
    [84]                                       4127                                   
    [85]                                       4204                                   
    [86]                                       8344                                   
    [87]                                       8331                                   
    [88]                                       4191                                   
    [89]                                       12486                                  
    [90]                                       8331                                   
    [91]                                       4124                                   
    [92]                                       4204                                   
    [93]                                       8345                                   
    [94]                                       8331                                   
    [95]                                       4190                                   
    [96]                                       12486                                  
    [97]                                       4189                                   
    [98]                                       4138                                   
    [99]                                       16678                                  
    [100]                                      8335                                   
    [101]                                      4192                                   
    [102]                                      4151                                   
    [103]                                      8334                                   
    [104]                                      8333                                   
    [105]                                      4125                                   
    [106]                                      8406                                   
    [107]                                      4147                                   
    [108]                                      8326                                   
    [109]                                      8345                                   
    [110]                                      4122                                   
    [111]                                      4214                                   
    [112]                                      4193                                   
    [113]                                      4141                                   
    [114]                                      8341                                   
    [115]                                      12473                                  
    [116]                                      4218                                   
    [117]                                      8338                                   
    [118]                                      12542                                  
    [119]                                      4138                                   
    [120]                                      4125                                   
    [121]                                      4213                                   
    [122]                                      4188                                   
    [123]                                      4148                                   
    [124]                                      4138                                   
    [125]                                      4124                                   
    [126]                                      4203                                   
    [127]                                      8343                                   
    [128]                                      8329                                   
    [129]                                      4190                                   
    [130]                                      4138                                   
    [131]                                      4123                                   
    [132]                                      4200                                   
    [133]                                      8340                                   
    [134]                                      8329                                   
    [135]                                      4187                                   
    [136]                                      4136                                   
    [137]                                      4125                                   
    [138]                                      4213                                   
    [139]                                      8327                                   
    [140]                                      4123                                   
    [141]                                      4210                                   
    [142]                                      4186                                   
    [143]                                      4135                                   
    [144]                                      4124                                   
    [145]                                      4214                                   
    [146]                                      8328                                   
    [147]                                      4126                                   
    [148]                                      4202                                   
    [149]                                      8340                                   
    [150]                                      8326                                   
    [151]                                      4199                                   
    [152]                                      4132                                   
    [153]                                      4124                                   
    [154]                                      4208                                   
    [155]                                      8344                                   
    [156]                                      16667                                  
    [157]                                      8334                                   
    [158]                                      8327                                   
    [159]                                      8329                                   
    [160]                                      4188                                   
    [161]                                      4136                                   
    [162]                                      4124                                   
    [163]                                      4211                                   
    [164]                                      4187                                   
    [165]                                      12478                                  
    [166]                                      8336                                   
    [167]                                      4122                                   
    [168]                                      4210                                   
    [169]                                      4185                                   
    [170]                                      4147                                   
    [171]                                      8324                                   
    [172]                                      4199                                   
    [173]                                      4134                                   
    [174]                                      4121                                   
    [175]                                      4211                                   
    [176]                                      4186                                   
    [177]                                      12475                                  
    [178]                                      8337                                   
    [179]                                      4120                                   
    [180]                                      4214                                   
    [181]                                      4187                                   
    [182]                                      4136                                   
    [183]                                      4123                                   
    [184]                                      4210                                   
    [185]                                      8339                                   
    [186]                                      4120                                   
    [187]                                      12541                                  
    [188]                                      4123                                   
    [189]                                      4211                                   
    [190]                                      4186                                   
    [191]                                      4135                                   
    [192]                                      4124                                   
    [193]                                      4212                                   
    [194]                                      4188                                   
    [195]                                      4149                                   
    [196]                                      8324                                   
    [197]                                      8334                                   
    [198]                                      4123                                   
    [199]                                      8403                                   
    [200]                                      4137                                   
    [201]                                      4124                                   
    [202]                                      4212                                   
    [203]                                      4188                                   
    [204]                                      4136                                   
    [205]                                      8341                                   
    [206]                                      4186                                   
    [207]                                      4149                                   
    [208]                                      8329                                   
    [209]                                      8342                                   
    [210]                                      4124                                   
    [211]                                      4214                                   
    [212]                                      8329                                   
    [213]                                      4125                                   
    [214]                                      4211                                   
    [215]                                      8339                                   
    [216]                                      8327                                   
    [217]                                      8339                                   
    [218]                                      4123                                   
    [219]                                      4213                                   
    [220]                                      4186                                   
    [221]                                      4148                                   
    [222]                                      4123                                   
    [223]                                      4200                                   
    [224]                                      8340                                   
    [225]                                      4124                                   
    [226]                                      4212                                   
    [227]                                      4189                                   
    [228]                                      12478                                  
    [229]                                      8338                                   
    [230]                                      4123                                   
    [231]                                      4211                                   
    [232]                                      4187                                   
    [233]                                      12476                                  
    [234]                                      8335                                   
    [235]                                      4123                                   
    [236]                                      4206                                   
    [237]                                      4196                                   
    [238]                                      8265                                   
    [239]                                      4202                                   
    [240]                                      4200                                   
    [241]                                      12474                                  
    [242]                                      8334                                   
    [243]                                      8337                                   
    [244]                                      8341                                   
    [245]                                      8326                                   
    [246]                                      4198                                   
    [247]                                      4135                                   
    [248]                                      4123                                   
    [249]                                      4214                                   
    [250]                                      4188                                   
    [251]                                      4136                                   
    [252]                                      4125                                   
    [253]                                      12548                                  
    [254]                                      8328                                   
    [255]                                      16682                                  
    [256]                                      4189                                   
    [257]                                      4137                                   
    [258]                                      8342                                   
    [259]                                      8331                                   
    [260]                                      4125                                   
    [261]                                      12551                                  
    [262]                                      8329                                   
    [263]                                      8339                                   
    [264]                                      8331                                   
    [265]                                      8343                                   
    [266]                                      4123                                   
    [267]                                      4199                                   
    [268]                                      8339                                   
    [269]                                      8327                                   
    [270]                                      8342                                   
    [271]                                      8328                                   
    [272]                                      8344                                   
    [273]                                      8330                                   
    [274]                                      4190                                   
    [275]                                      12484                                  
    [276]                                      4189                                   
    [277]                                      4138                                   
    [278]                                      8342                                   
    [279]                                      4190                                   
    [280]                                      4136                                   
    [281]                                      4126                                   
    [282]                                      12547                                  
    [283]                                      8328                                   
    [284]                                      8341                                   
    [285]                                      8328                                   
    [286]                                      4188                                   
    [287]                                      4148                                   
    [288]                                      8327                                   
    [289]                                      4188                                   
    [290]                                      4136                                   
    [291]                                      4124                                   
    [292]                                      4213                                   
    [293]                                      8326                                   
    [294]                                      8326                                   
    [295]                                      4189                                   
    [296]                                      4151                                   
    [297]                                      8331                                   
    [298]                                      4189                                   
    [299]                                      4136                                   
    [300]                                      4125                                   
    [301]                                      4215                                   
    [302]                                      8330                                   
    [303]                                      4125                                   
    [304]                                      12550                                  
    [305]                                      8331                                   
    [306]                                      4189                                   
    [307]                                      12482                                  
    [308]                                      4189                                   
    [309]                                      4147                                   
    [310]                                      8327                                   
    [311]                                      4197                                   
    [312]                                      4135                                   
    [313]                                      4124                                   
    [314]                                      4210                                   
    [315]                                      8343                                   
    [316]                                      4120                                   
    [317]                                      12552                                  
    [318]                                      4121                                   
    [319]                                      4212                                   
    [320]                                      8333                                   
    [321]                                      8332                                   
    [322]                                      8340                                   
    [323]                                      8325                                   
    [324]                                      8339                                   
    [325]                                      12526                                  
    [326]                                      4134                                   
    [327]                                      8337                                   
    [328]                                      4186                                   
    [329]                                      12478                                  
    [330]                                      8337                                   
    [331]                                      4122                                   
    [332]                                      4211                                   
    [333]                                      4186                                   
    [334]                                      4135                                   
    [335]                                      8337                                   
    [336]                                      4187                                   
    [337]                                      4146                                   
    [338]                                      12526                                  
    [339]                                      4134                                   
    [340]                                      4122                                   
    [341]                                      4210                                   
    [342]                                      4186                                   
    [343]                                      12478                                  
    [344]                                      8338                                   
    [345]                                      4121                                   
    [346]                                      4210                                   
    [347]                                      4186                                   
    [348]                                      4137                                   
    [349]                                      8339                                   
    [350]                                      8338                                   
    [351]                                      4125                                   
    [352]                                      4212                                   
    [353]                                      4187                                   
    [354]                                      4135                                   
    [355]                                      4124                                   
    [356]                                      4212                                   
    [357]                                      4188                                   
    [358]                                      12482                                  
    [359]                                      8341                                   
    [360]                                      4122                                   
    [361]                                      4211                                   
    [362]                                      4189                                   
    [363]                                      4137                                   
    [364]                                      4125                                   
    [365]                                      4213                                   
    [366]                                      4189                                   
    [367]                                      4137                                   
    [368]                                      4125                                   
    [369]                                      4213                                   
    [370]                                      4188                                   
    [371]                                      12478                                  
    [372]                                      8339                                   
    [373]                                      8325                                   
    [374]                                      8337                                   
    [375]                                      4122                                   
    [376]                                      4212                                   
    [377]                                      4185                                   
    [378]                                      4132                                   
    [379]                                      8330                                   
    [380]                                      8332                                   
    [381]                                      16663                                  
    [382]                                      4123                                   
    [383]                                      4211                                   
    [384]                                      4186                                   
    [385]                                      4134                                   
    [386]                                      4120                                   
    [387]                                      4211                                   
    [388]                                      4187                                   
    [389]                                      12478                                  
    [390]                                      8337                                   
    [391]                                      4122                                   
    [392]                                      4207                                   
    [393]                                      8334                                   
    [394]                                      4120                                   
    [395]                                      4214                                   
    [396]                                      4188                                   
    [397]                                      4142                                   
    [398]                                      4122                                   
    [399]                                      4213                                   
    [400]                                      4187                                   
    [401]                                      4143                                   
    [402]                                      8328                                   
    [403]                                      8341                                   
    [404]                                      4125                                   
    [405]                                      12548                                  
    [406]                                      4124                                   
    [407]                                      4203                                   
    [408]                                      8344                                   
    [409]                                      8333                                   
    [410]                                      4191                                   
    [411]                                      4138                                   
    [412]                                      4127                                   
    [413]                                      12551                                  
    [414]                                      8329                                   
    [415]                                      4188                                   
    [416]                                      4139                                   
    [417]                                      4126                                   
    [418]                                      4214                                   
    [419]                                      8333                                   
    [420]                                      8332                                   
    [421]                                      4191                                   
    [422]                                      8268                                   
    [423]                                      4214                                   
    [424]                                      8327                                   
    [425]                                      8330                                   
    [426]                                      8343                                   
    [427]                                      8329                                   
    [428]                                      4188                                   
    [429]                                      4137                                   
    [430]                                      4125                                   
    [431]                                      12549                                  
    [432]                                      8329                                   
    [433]                                      4189                                   
    [434]                                      4139                                   
    [435]                                      4127                                   
    [436]                                      4216                                   
    [437]                                      8331                                   
    [438]                                      8329                                   
    [439]                                      4189                                   
    [440]                                      4139                                   
    [441]                                      4125                                   
    [442]                                      4215                                   
    [443]                                      8330                                   
    [444]                                      8328                                   
    [445]                                      8342                                   
    [446]                                      8329                                   
    [447]                                      4191                                   
    [448]                                      4138                                   
    [449]                                      4126                                   
    [450]                                      12550                                  
    [451]                                      8331                                   
    [452]                                      4191                                   
    [453]                                      4138                                   
    [454]                                      4125                                   
    [455]                                      12549                                  
    [456]                                      8331                                   
    [457]                                      4189                                   
    [458]                                      12489                                  
    [459]                                      4188                                   
    [460]                                      4135                                   
    [461]                                      4126                                   
    [462]                                      4215                                   
    [463]                                      8333                                   
    [464]                                      8334                                   
    [465]                                      4191                                   
    [466]                                      8269                                   
    [467]                                      4214                                   
    [468]                                      8331                                   
    [469]                                      8332                                   
    [470]                                      8339                                   
    [471]                                      12534                                  
    [472]                                      4137                                   
    [473]                                      8343                                   
    [474]                                      4190                                   
    [475]                                      4146                                   
    [476]                                      8337                                   
    [477]                                      4193                                   
    [478]                                      12489                                  
    [479]                                      8335                                   
    [480]                                      8336                                   
    [481]                                      4190                                   
    [482]                                      4141                                   
    [483]                                      12535                                  
    [484]                                      4137                                   
    [485]                                      4124                                   
    [486]                                      4213                                   
    [487]                                      4187                                   
    [488]                                      12481                                  
    [489]                                      4190                                   
    [490]                                      4150                                   
    [491]                                      8330                                   
    [492]                                      8342                                   
    [493]                                      4126                                   
    [494]                                      4213                                   
    [495]                                      4187                                   
    [496]                                      12483                                  
    [497]                                      8343                                   
    [498]                                      8328                                   
    [499]                                      8342                                   
    [500]                                      4125                                   
    [501]                                      4213                                   
    [502]                                      4188                                   
    [503]                                      4136                                   
    [504]                                      4125                                   
    [505]                                      4214                                   
    [506]                                      4189                                   
    [507]                                      4150                                   
    [508]                                      8330                                   
    [509]                                      8341                                   
    [510]                                      4123                                   
    [511]                                      12547                                  
    [512]                                      4123                                   
    [513]                                      4213                                   
    [514]                                      4187                                   
    [515]                                      4136                                   
    [516]                                      8340                                   
    [517]                                      4188                                   
    [518]                                      4137                                   
    [519]                                      4123                                   
    [520]                                      4213                                   
    [521]                                      8342                                   
    [522]                                      8328                                   
    [523]                                      8341                                   
    [524]                                      4125                                   
    [525]                                      4214                                   
    [526]                                      4187                                   
    [527]                                      4136                                   
    [528]                                      8343                                   
    [529]                                      4188                                   
    [530]                                      4150                                   
    [531]                                      8328                                   
    [532]                                      8338                                   
    [533]                                      4125                                   
    [534]                                      12544                                  
    [535]                                      4123                                   
    [536]                                      4209                                   
    [537]                                      4187                                   
    [538]                                      4147                                   
    [539]                                      8327                                   
    [540]                                      8337                                   
    [541]                                      4123                                   
    [542]                                      4211                                   
    [543]                                      4187                                   
    [544]                                      4136                                   
    [545]                                      4123                                   
    [546]                                      4213                                   
    [547]                                      4188                                   
    [548]                                      4148                                   
    [549]                                      8331                                   
    [550]                                      4191                                   
    [551]                                      4151                                   
    [552]                                      8331                                   
    [553]                                      8339                                   
    [554]                                      4122                                   
    [555]                                      4198                                   
    [556]                                      4199                                   
    [557]                                      4133                                   
    [558]                                      4119                                   
    [559]                                      4209                                   
    [560]                                      8335                                   
    [561]                                      8337                                   
    [562]                                      8331                                   
    [563]                                      4123                                   
    [564]                                      8402                                   
    [565]                                      4146                                   
    [566]                                      8330                                   
    [567]                                      8340                                   
    [568]                                      8327                                   
    [569]                                      4188                                   
    [570]                                      4138                                   
    [571]                                      4125                                   
    [572]                                      4216                                   
    [573]                                      4189                                   
    [574]                                      4137                                   
    [575]                                      8333                                   
    [576]                                      8343                                   
    [577]                                      8330                                   
    [578]                                      4191                                   
    [579]                                      12485                                  
    [580]                                      4189                                   
    [581]                                      4139                                   
    [582]                                      4126                                   
    [583]                                      4203                                   
    [584]                                      8344                                   
    [585]                                      8332                                   
    [586]                                      4189                                   
    [587]                                      4138                                   
    [588]                                      4126                                   
    [589]                                      4215                                   
    [590]                                      8329                                   
    [591]                                      16672                                  
    [592]                                      8329                                   
    [593]                                      12456                                  
    [594]                                      4211                                   
    [595]                                      4187                                   
    [596]                                      4136                                   
    [597]                                      4125                                   
    [598]                                      4212                                   
    [599]                                      8331                                   
    [600]                                      4125                                   
    [601]                                      4203                                   
    [602]                                      8342                                   
    [603]                                      8330                                   
    [604]                                      4190                                   
    [605]                                      12483                                  
    [606]                                      4189                                   
    [607]                                      4137                                   
    [608]                                      4123                                   
    [609]                                      12551                                  
    [610]                                      8328                                   
    [611]                                      4189                                   
    [612]                                      12478                                  
    [613]                                      4189                                   
    [614]                                      4137                                   
    [615]                                      4125                                   
    [616]                                      4215                                   
    [617]                                      8332                                   
    [618]                                      4127                                   
    [619]                                      12551                                  
    [620]                                      8335                                   
    [621]                                      4191                                   
    [622]                                      4138                                   
    [623]                                      4126                                   
    [624]                                      4215                                   
    [625]                                      8329                                   
    [626]                                      16683                                  
    [627]                                      8332                                   
    [628]                                      8331                                   
    [629]                                      8329                                   
    [630]                                      4189                                   
    [631]                                      12477                                  
    [632]                                      4195                                   
    [633]                                      4135                                   
    [634]                                      4119                                   
    [635]                                      4209                                   
    [636]                                      4192                                   
    [637]                                      4146                                   
    [638]                                      4119                                   
    [639]                                      12550                                  
    [640]                                      8337                                   
    [641]                                      4190                                   
    [642]                                      4138                                   
    [643]                                      8331                                   
    [644]                                      8345                                   
    [645]                                      8327                                   
    [646]                                      8337                                   
    [647]                                      16669                                  
    [648]                                      4122                                   
    [649]                                      4212                                   
    [650]                                      4188                                   
    [651]                                      12478                                  
    [652]                                      8340                                   
    [653]                                      16672                                  
    [654]                                      4124                                   
    [655]                                      4212                                   
    [656]                                      4185                                   
    [657]                                      4135                                   
    [658]                                      4124                                   
    [659]                                      4212                                   
    [660]                                      4187                                   
    [661]                                      4136                                   
    [662]                                      8339                                   
    [663]                                      4186                                   
    [664]                                      12476                                  
    [665]                                      8337                                   
    [666]                                      8324                                   
    [667]                                      8335                                   
    [668]                                      4120                                   
    [669]                                      4211                                   
    [670]                                      4185                                   
    [671]                                      4146                                   
    [672]                                      12524                                  
    [673]                                      4134                                   
    [674]                                      4122                                   
    [675]                                      4210                                   
    [676]                                      4188                                   
    [677]                                      4145                                   
    [678]                                      8325                                   
    [679]                                      4198                                   
    [680]                                      4134                                   
    [681]                                      4123                                   
    [682]                                      4211                                   
    [683]                                      8338                                   
    [684]                                      4122                                   
    [685]                                      4212                                   
    [686]                                      4186                                   
    [687]                                      12475                                  
    [688]                                      8337                                   
    [689]                                      4124                                   
    [690]                                      4213                                   
    [691]                                      4187                                   
    [692]                                      4146                                   
    [693]                                      8327                                   
    [694]                                      8338                                   
    [695]                                      8337                                   
    [696]                                      8337                                   
    [697]                                      4120                                   
    [698]                                      4210                                   
    [699]                                      8337                                   
    [700]                                      4123                                   
    [701]                                      4213                                   
    [702]                                      4186                                   
    [703]                                      12477                                  
    [704]                                      4199                                   
    [705]                                      4136                                   
    [706]                                      4124                                   
    [707]                                      4213                                   
    [708]                                      4188                                   
    [709]                                      4148                                   
    [710]                                      4122                                   
    [711]                                      4212                                   
    [712]                                      4188                                   
    [713]                                      12481                                  
    [714]                                      4199                                   
    [715]                                      4145                                   
    [716]                                      4123                                   
    [717]                                      4208                                   
    [718]                                      8338                                   
    [719]                                      4123                                   
    [720]                                      4209                                   
    [721]                                      8343                                   
    [722]                                      4122                                   
    [723]                                      4206                                   
    [724]                                      4188                                   
    [725]                                      12484                                  
    [726]                                      8342                                   
    [727]                                      8327                                   
    [728]                                      16680                                  
    [729]                                      4189                                   
    [730]                                      4137                                   
    [731]                                      4126                                   
    [732]                                      4214                                   
    [733]                                      8332                                   
    [734]                                      4126                                   
    [735]                                      12553                                  
    [736]                                      8337                                   
    [737]                                      16688                                  
    [738]                                      4190                                   
    [739]                                      4137                                   
    [740]                                      4126                                   
    [741]                                      4215                                   
    [742]                                      4191                                   
    [743]                                      4139                                   
    [744]                                      4126                                   
    [745]                                      4204                                   
    [746]                                      8347                                   
    [747]                                      8332                                   
    [748]                                      4192                                   
    [749]                                      4139                                   
    [750]                                      8345                                   
    [751]                                      4190                                   
    [752]                                      4137                                   
    [753]                                      4127                                   
    [754]                                      4214                                   
    [755]                                      8329                                   
    [756]                                      8329                                   
    [757]                                      8340                                   
    [758]                                      8328                                   
    [759]                                      4189                                   
    [760]                                      4137                                   
    [761]                                      4127                                   
    [762]                                      4216                                   
    [763]                                      4192                                   
    [764]                                      4138                                   
    [765]                                      4124                                   
    [766]                                      12552                                  
    [767]                                      8334                                   
    [768]                                      4191                                   
    [769]                                      4139                                   
    [770]                                      4128                                   
    [771]                                      4216                                   
    [772]                                      4193                                   
    [773]                                      4139                                   
    [774]                                      4125                                   
    [775]                                      4217                                   
    [776]                                      8338                                   
    [777]                                      8334                                   
    [778]                                      8337                                   
    [779]                                      4127                                   
    [780]                                      4215                                   
    [781]                                      8335                                   
    [782]                                      8334                                   
    [783]                                      8348                                   
    [784]                                      8336                                   
    [785]                                      4192                                   
    [786]                                      4139                                   
    [787]                                      8338                                   
    [788]                                      4195                                   
    [789]                                      4153                                   
    [790]                                      8337                                   
    [791]                                      4193                                   
    [792]                                      4139                                   
    [793]                                      4129                                   
    [794]                                      12556                                  
    [795]                                      4127                                   
    [796]                                      4205                                   
    [797]                                      4200                                   
    [798]                                      4140                                   
    [799]                                      8341                                   
    [800]                                      8346                                   
    [801]                                      4122                                   
    [802]                                      4205                                   
    [803]                                      8348                                   
    [804]                                      4122                                   
    [805]                                      4206                                   
    [806]                                      4195                                   
    [807]                                      4142                                   
    [808]                                      4129                                   
    [809]                                      4204                                   
    [810]                                      8346                                   
    [811]                                      8333                                   
    [812]                                      8343                                   
    [813]                                      8330                                   
    [814]                                      4191                                   
    [815]                                      4152                                   
    [816]                                      8335                                   
    [817]                                      8346                                   
    [818]                                      8331                                   
    [819]                                      8345                                   
    [820]                                      4125                                   
    [821]                                      4214                                   
    [822]                                      4190                                   
    [823]                                      4138                                   
    [824]                                      4126                                   
    [825]                                      4214                                   
    [826]                                      4190                                   
    [827]                                      12487                                  
    [828]                                      4190                                   
    [829]                                      4150                                   
    [830]                                      8334                                   
    [831]                                      8344                                   
    [832]                                      4127                                   
    [833]                                      12549                                  
    [834]                                      4126                                   
    [835]                                      4204                                   
    [836]                                      8346                                   
    [837]                                      8333                                   
    [838]                                      8348                                   
    [839]                                      8334                                   
    [840]                                      4192                                   
    [841]                                      12486                                  
    [842]                                      4189                                   
    [843]                                      12487                                  
    [844]                                      4191                                   
    [845]                                      4151                                   
    [846]                                      8331                                   
    [847]                                      8344                                   
    [848]                                      8331                                   
    [849]                                      8345                                   
    [850]                                      4127                                   
    [851]                                      12550                                  
    [852]                                      4126                                   
    [853]                                      4215                                   
    [854]                                      4192                                   
    [855]                                      12493                                  
    [856]                                      4191                                   
    [857]                                      12488                                  
    [858]                                      8344                                   
    [859]                                      8333                                   
    [860]                                      8348                                   
    [861]                                      4129                                   
    [862]                                      4217                                   
    [863]                                      4193                                   
    [864]                                      4138                                   
    [865]                                      4125                                   
    [866]                                      4214                                   
    [867]                                      4187                                   
    [868]                                      4138                                   
    [869]                                      4126                                   
    [870]                                      4213                                   
    [871]                                      4189                                   
    [872]                                      12482                                  
    [873]                                      8338                                   
    [874]                                      4123                                   
    [875]                                      4207                                   
    [876]                                      8338                                   
    [877]                                      8339                                   
    [878]                                      4201                                   
    [879]                                      12479                                  
    [880]                                      8342                                   
    [881]                                      8345                                   
    [882]                                      4191                                   
    [883]                                      12486                                  
    [884]                                      8344                                   
    [885]                                      4125                                   
    [886]                                      4204                                   
    [887]                                      8350                                   
    [888]                                      8336                                   
    [889]                                      4192                                   
    [890]                                      4140                                   
    [891]                                      4127                                   
    [892]                                      4215                                   
    [893]                                      4190                                   
    [894]                                      4139                                   
    [895]                                      8335                                   
    [896]                                      8348                                   
    [897]                                      8330                                   
    [898]                                      4192                                   
    [899]                                      4140                                   
    [900]                                      4127                                   
    [901]                                      4216                                   
    [902]                                      8334                                   
    [903]                                      8333                                   
    [904]                                      12466                                  
    [905]                                      4217                                   
    [906]                                      8333                                   
    [907]                                      8334                                   
    [908]                                      8347                                   
    [909]                                      8335                                   
    [910]                                      4192                                   
    [911]                                      4140                                   
    [912]                                      4127                                   
    [913]                                      4203                                   
    [914]                                      8346                                   
    [915]                                      8334                                   
    [916]                                      4190                                   
    [917]                                      4137                                   
    [918]                                      4126                                   
    [919]                                      4214                                   
    [920]                                      8330                                   
    [921]                                      8332                                   
    [922]                                      4190                                   
    [923]                                      4141                                   
    [924]                                      4127                                   
    [925]                                      4217                                   
    [926]                                      8335                                   
    [927]                                      16687                                  
    [928]                                      8335                                   
    [929]                                      4191                                   
    [930]                                      4141                                   
    [931]                                      4127                                   
    [932]                                      12554                                  
    [933]                                      8329                                   
    [934]                                      4189                                   
    [935]                                      12481                                  
    [936]                                      8330                                   
    [937]                                      4125                                   
    [938]                                      12548                                  
    [939]                                      8331                                   
    [940]                                      8345                                   
    [941]                                      8334                                   
    [942]                                      4191                                   
    [943]                                      4138                                   
    [944]                                      4127                                   
    [945]                                      12551                                  
    [946]                                      8330                                   
    [947]                                      8332                                   
    [948]                                      8344                                   
    [949]                                      4189                                   
    [950]                                      4137                                   
    [951]                                      4121                                   
    [952]                                      4209                                   
    [953]                                      8337                                   
    [954]                                      4124                                   
    [955]                                      4204                                   
    [956]                                      4197                                   
    [957]                                      4137                                   
    [958]                                      4129                                   
    [959]                                      8411                                   
    [960]                                      4136                                   
    [961]                                      4128                                   
    [962]                                      12556                                  
    [963]                                      8335                                   
    [964]                                      8343                                   
    [965]                                      12537                                  
    [966]                                      4136                                   
    [967]                                      4124                                   
    [968]                                      4214                                   
    [969]                                      4188                                   
    [970]                                      4135                                   
    [971]                                      8341                                   
    [972]                                      4188                                   
    [973]                                      4148                                   
    [974]                                      8327                                   
    [975]                                      8342                                   
    [976]                                      4126                                   
    [977]                                      12547                                  
    [978]                                      4124                                   
    [979]                                      4212                                   
    [980]                                      4187                                   
    [981]                                      4137                                   
    [982]                                      4123                                   
    [983]                                      4214                                   
    [984]                                      4188                                   
    [985]                                      12482                                  
    [986]                                      8339                                   
    [987]                                      8331                                   
    [988]                                      8344                                   
    [989]                                      4126                                   
    [990]                                      12546                                  
    [991]                                      4124                                   
    [992]                                      4214                                   
    [993]                                      4189                                   
    [994]                                      4136                                   
    [995]                                      4125                                   
    [996]                                      4215                                   
    [997]                                      4190                                   
    [998]                                      12488                                  
    [999]                                      8346                                   
                                                                                      